$ANSIBLE_VAULT;1.1;AES256
63386661666335383738313964613961666134663030363130393634633262366666326233383734
3565343435363134643962376331316530323534346663660a366334373339336131343934663964
37613738333164653161663737336439666362393665646638373139383361386361303966363865
6665396432353636380a363934616433383566396231666338653262656661343230393263353161
66646363353537373435613166336338653162333362306362326233353364356133326266623931
66366566346332343939616339336433393637643461343432366539313261353431323337373334
33613430363264316437366132626663373961623561363032613437393333393330373432653930
66666532303863636537393466333632336362353462316531376432306365333735396363663930
33346433363239393733373238393361306263616465336562363937616664623663653739326636
37303361306539373539353261666537636437323639643861333562626531663837313038613838
33623332663763663764353030393938636134323134613661386137356634343664616664613636
65353433646233613265326338643561366539333237353365366264613238616432653938313032
37626532613761306437613134353666643030373063626435313463333939643037336535666662
38353731366262336236626532393966356239366565613661633965323233613461396362346664
63346536343538373465351625433539626665616230383133626430303061616236306262653237
37306262633334353335633034353264353133326630616363636566316562333664636137343439
36333336653037316137373433396165623762336333316531623630333730336661373066656464
33623433346562613931623661663630323163613237616633333039656166343233356161306439
31323262663038316239633537646635366465646431353336323561663638393934343664623239
32643331613066623537633836323933663937643439323235616232616331653730393061646636
39333631396534343533653639333835396239303166363539323431636466373036363563333861
33393165323731656535313631306239666635346561333133313266343337356663333039616166
63316463373465396662356534643066383233626435343936643132663866306364303561306664
31373635386237376630656533633136323538313434643035336438646265303437363837383661
62633666313237343139323138353432643062316564366566663662316465356565313365656439
61616162613463613361663633616162643266326633326462336539343737666236303437333366
65353537363939626238636637323530333837646266383431316336626664613762343535363662
63373164333362613064643332636563336335343337323261316135313065643061643832306161
35363238633062623035383035363461396130336139363231343332323163653536323563643132
61613635366664623933643032623761333337373831633830613165386330353939313932646238
30343335306463633835353165333761633865653132623738616132313533363863313438313138
39323635353438616565326538646330326165643337643036633765353066346533356536366432
61646464303237313930396463386461376666303566643936366436376264613661303663326462
64336331653337306362313062653438366666393465333031336561353162623530613534626335
30306366386231363536303766336430326134363634306366303863653736383166353565663362
63633562326366636162346534643231376263386364666138623430353837393730393162376264
35333263616635303437356632366537666535616636316335613130383532343462666461353065
64366233303838396362353331616631626664656261313831643533656131386463326435333736
35643530323930343565366463613635626432393232366139376137346137663535343065326466
64646130313461633566366330343437336230653839366662393432396135316339383065633130
36613162306534303939366139643666393862376166656530346565666533353161336633393631
32383935623465666532373630383632323930656235303362646565656534306362376536386332
32343538666338386462353430303861396535666463346337326230336438613139316665316531
36393362623362366265393738643162383034613136323034306533646532653231366232623930
38643966323434633535643862363163623332613835356235326433643062353939623164623135
66393430313032626131336166356235343435333263336262643238363032343731303836363266
39666264326239616430643835646564656665393035666362633531633035616633386437363531
33656639313030393438643135653236303832643065333537396333313530313465653331303565
38373231353531323535666436636530346239383561336430666135616235373366393237663937
37376134376565333731386463306465393034663763626636653631653065393161613534353138
37653164626666316463383637636465313330386565323938623731333765333561323239623563
31326232346235366631313965313132376266313263656336333338666437613935393939656233
66636135643062666561396364636635643137363839626164323864333639363934323862623730
38373430363664646532386139346130303737393166386130356432366333663062393862373662
61663162313266383932336162663261356361623962373561393661303633313662653537623664
32613038323736313365343837393639306133616361666237383063373166336636326435373737
61386139373466633261336631663264653434336163353136633866363034396234393935396637
33646563336131373364313630393830623330626261636532663033373731626135333836656632
63666164366230616161653162356633393830386332373831396164653537393165653839653134
37323131333438303538383732336238623566323763376566363532373939613834646133393366
33613265333762303039356437613731623939386535376461326233343563353762623239653038
30336430626466303034316237363834333364353239303839623434653535316132333739393665
36666562643634323932633966346164623433396661623336323465396263656639623430376433
63626638336331613435623066643935396234393939623637646461386261363366613730323034
65643736366662383630396264616266616339326337313466336635326339323836316162656531
33653639306631396234393937343038636638323131613639646566346334323565613633313338
39613965653063333539633535363330623466303032376631393865373465376630356438633933
31316664653835383165626637656566363831643432393530303264626236316163363966323436
36376233383066643138393961666564346137313461313765356131656138386164656666363537
62663465316636323130336461653862326564316238396632383531376539333434636438613632
33333661666338623536306233636366633264336266396131613161646336363037393266313965
39613833336136366466643432363435623134663966356433373061353462663161663735613462
33346630366163626332653831386265383664393762323537646236656634393661343835663233
36366438626539633539313035623436356437616336323132373765663064393533316337346666
32363863646338353032663335386239363264633339623364313565373232333035626139313430
32303137666435636535383330396338626633383431663732383262313230653063393163613835
33663131356239636566363130306262623532353439653534616135313165393763313365396432
66336138646238636133303434633630346533323038626530633632313835396437353563313563
31303231366532393632373534356534373337613935326331306530346636386263313832313365
35333130336635393932653231363161326135313735643130323235323861393565626662613537
65316331356230363765303963306664343738393661366564613039366239366336643765636438
65363036346539663637383930386635333862353433353362633664363266643966353935386336
32633263653833336334633063396432663133323061343762393839326264353734316566613664
66633539386635636339613034376361373138333230306135393233646139613363623162383630
62303662383935353435636535623162343937386339383830383132376462633661343439666132
33306265643333393161666461666665643534323231633735343862376237333265643461316638
65653538353363663037353664623135376331386137353531303964616164363964356530316332
64616165613963626639636635623437656138393330343933616364376266616363626233393736
36623831363662656466316364643737666430346331353839366331333666336137386231366632
31313863356633653135333635313630393863333066343832383663303236346330633637346465
61393133346665353933653433326166653665343862356238326464323866346365313030633762
38306161376665346432393534323565636262383238306161333933656531623531636163616439
63653661653135316139356162393163373833343465303131356636663539326231343932343730
36613932393761613436616439343230393933626534663736316166636333613038663635353431
33613464333766336232323831343937373163646137316263646537323834323631326138666430
30303663356534373034643064613836366264313266383431636565313632666361303832633035
61353938313730383863353761633632653637393266313935363035346536313863343938303035
31666332363738316365366239666165633861333761656137356538363338656435323662393538
30333962313039336662613764623234383739313236626134616432363839346133646336316136
62663237623661636339343235366630646632363664373765613932643834353261303839636338
35376535636461326664373062653131316165623638613634643930643239653263636362353461
32623339326339303437333164633864653930656364663165396537633934656262336534613732
34386634373865303733656232636238343635306461616165633531316530346338346332346138
63306666303536393965363535643562636361353962356330383734393438633130366666336135
62613838333862643231623161366164643134653164376534646432316539326237313039336532
64666534356336656339383764623862373633323865366532353733353864643836643666636434
35613065396632623262316162316530356161326532643234386633643861313234346163386532
63386363326434643165666130353137396538323766633464626161376639366436616237656230
65623038383039346338303963376162666236346561663138636338636263636366346565313764
32623465343938353934343562666639363965303866333864353663363632643963373165303462
63373836363939643938393530343666393762616265646565326639666132636631643839383766
38623465333331616335383333366265336262323830313066353765366633333365333438613763
66353239633262616661323766626435663864653637616665353261306663393733333833333339
61326433346262323763393531663765313063346237303239626466636238653663653531396635
33663539303032393266313730383330366330373637356364313361353035616535373538626535
35373332363361316338343835663261353365316164623665653738343265306133303930333338
64633938366133366264636565613334306534363862323035613139396633353332643339353065
32326432303932373933623637393937356338373963646666386563656665326163376232316362
36386162353537626464373339336639383361343861323831353566353037396231336266373366
35383266366133323362353235626534613164393566373039313361643136363934393636333233
39663166373135656133306631623239343634323564333661306163373333636432366666613439
32626363353936393938343762316536643863373639656361363233376233663165313138373935
39316663383433383632343965666633643065326337383232636262613134653063623064623832
33386363613562626236636135316264633531393934346337626230616166366437313037386562
63386465366466653339303965623836643730656330353363336534363433613333353034373961
66353166623739333632633133646431613664306537343037316465383534616432643964303230
63633138613266613932363333633761633764613765303331613433646238366538653135653238
32393136333231633166663335393433303465613938356635343536636631613439613739343463
64323737366232363736666538663235643134653164623938383762383564323431376564386330
36666665343632653963643939376662633739326661663135336431613066663062666436646663
34653964633231633963356633646166323235363466383238356566343934313539633732373138
30383661333164383238306232356537393766346637653962333730626134386237663237356435
64343466343231326436343466323538666535636632623033353161663463343063656339336533
3431626562373631313133396235396235656534333166353237
